0.00 0.00 0.81 0.18 0.05 0.63 0.08 0.37 0.51 0.20 0.15 0.58 0.43 0.07 0.16 0.41 0.51 1.00 0.69 0.25 0.13 0.62 0.55 0.42 0.16 0.17 0.98 0.56 0.36 0.67 0.66 0.41 0.00 
0.00 0.00 0.00 0.43 0.57 0.67 0.96 0.65 0.16 0.40 0.96 0.58 0.98 0.30 0.91 0.02 0.91 0.23 0.08 0.04 0.34 0.26 0.56 0.34 0.99 0.04 0.93 0.53 0.86 0.84 0.69 0.46 0.42 
0.42 0.00 0.00 0.00 0.41 0.96 0.05 0.33 0.45 0.11 0.41 0.86 0.66 0.92 0.38 0.15 0.35 0.77 0.26 0.21 0.93 0.35 0.70 0.36 0.27 0.77 0.10 0.46 0.11 0.17 0.15 0.35 0.89 
0.14 0.43 0.00 0.00 0.00 0.74 0.09 0.59 0.20 0.36 0.25 0.78 0.88 0.33 0.42 0.69 0.61 0.64 0.44 0.65 0.88 0.07 0.58 0.31 0.86 0.53 0.99 0.29 0.14 0.86 0.91 0.75 0.26 
0.86 0.88 0.67 0.00 0.00 0.00 0.83 0.69 0.71 0.59 0.99 0.21 0.95 0.90 0.96 0.29 0.02 0.22 0.41 0.57 0.60 0.93 0.39 0.83 0.66 0.81 0.90 0.33 0.56 0.35 0.58 0.94 0.21 
0.40 0.98 0.78 0.30 0.00 0.00 0.00 0.96 0.36 0.02 0.36 0.90 0.67 0.27 0.69 0.01 0.96 0.51 0.70 0.22 0.03 0.33 0.20 0.55 0.77 0.98 0.86 0.18 0.41 0.17 0.79 0.34 0.08 
0.56 0.50 0.58 0.09 0.03 0.00 0.00 0.00 0.47 0.09 0.55 0.20 0.26 0.54 0.58 0.83 0.81 0.19 0.81 0.07 0.35 0.87 0.02 0.81 0.67 0.77 0.29 0.53 0.02 0.09 0.68 0.82 0.87 
0.53 0.28 0.54 0.72 0.30 0.97 0.00 0.00 0.00 0.72 0.44 0.38 0.24 0.69 0.94 0.89 0.64 0.69 0.96 0.35 0.88 0.38 0.23 0.67 0.12 0.11 0.77 0.83 0.17 0.25 0.69 0.04 0.42 
0.17 0.74 0.10 0.30 0.58 0.62 0.08 0.00 0.00 0.00 0.09 0.62 0.01 0.28 0.33 0.79 0.20 0.45 0.45 0.72 0.74 0.72 0.40 0.55 0.50 0.12 0.66 0.41 0.73 0.82 0.69 0.21 0.80 
0.81 0.79 0.77 0.04 0.04 0.17 0.06 0.30 0.00 0.00 0.00 0.13 0.21 0.79 0.20 0.66 0.94 0.07 0.07 0.32 0.68 0.33 0.84 0.51 0.91 0.09 0.80 0.80 0.73 0.21 0.38 0.08 0.86 
0.19 0.12 0.75 0.31 0.90 0.89 0.27 0.21 0.21 0.00 0.00 0.00 0.33 0.47 0.64 0.15 0.67 0.64 0.34 0.20 0.24 0.63 0.95 0.98 0.91 0.43 0.77 0.95 0.59 0.48 0.66 0.33 0.42 
0.60 0.33 0.25 0.42 0.02 0.57 1.00 0.73 0.33 0.92 0.00 0.00 0.00 0.22 0.48 0.92 0.94 0.34 0.81 0.27 0.80 0.28 0.58 0.50 0.88 0.54 0.06 0.54 0.62 1.00 0.53 0.61 0.18 
0.56 0.20 0.20 0.94 0.08 0.79 0.40 0.29 0.75 0.65 0.08 0.00 0.00 0.00 1.00 0.81 0.57 0.65 0.30 0.75 0.83 0.89 0.52 0.90 0.94 0.95 0.22 0.37 1.00 0.47 0.86 0.25 0.78 
0.25 0.81 0.26 0.30 0.53 0.60 0.85 0.62 0.01 0.95 1.00 0.89 0.00 0.00 0.00 0.39 0.37 0.22 0.09 1.00 0.94 0.06 0.30 0.85 0.48 0.86 0.23 0.46 0.42 0.06 0.63 0.98 0.05 
0.14 0.15 0.04 0.90 0.83 0.97 0.13 0.96 0.29 0.30 0.85 0.24 0.49 0.00 0.00 0.00 0.77 0.03 0.89 0.95 0.67 0.91 0.38 0.03 0.76 0.29 0.22 0.73 0.87 1.00 0.84 0.93 0.70 
1.00 0.86 0.04 0.16 0.42 0.26 0.65 0.54 0.67 0.30 0.82 0.85 0.12 0.36 0.00 0.00 0.00 0.63 0.86 0.92 0.90 0.93 0.89 0.85 0.83 0.77 1.00 0.83 0.53 0.69 0.34 0.49 0.71 
0.82 0.80 0.93 0.30 0.86 0.26 0.34 0.81 0.35 0.31 0.49 0.18 0.67 0.35 0.95 0.00 0.00 0.00 0.51 0.30 0.43 0.70 0.31 0.46 0.04 0.92 0.67 0.14 0.91 0.49 0.23 0.76 0.60 
0.52 0.68 0.61 0.49 0.83 0.67 0.10 0.25 0.86 0.42 0.56 0.23 0.27 0.56 0.55 0.89 0.00 0.00 0.00 0.20 0.49 0.91 0.23 0.01 0.22 0.62 0.37 0.58 0.57 1.00 0.41 0.36 0.15 
0.47 0.13 0.34 0.71 0.96 0.63 0.29 0.06 0.40 0.59 0.07 0.97 0.11 0.85 0.97 0.92 0.24 0.00 0.00 0.00 0.03 0.04 0.75 0.20 0.21 0.19 0.04 0.75 0.27 0.68 0.89 0.59 0.99 
0.44 0.51 0.76 0.50 0.31 0.09 0.51 0.07 0.49 0.08 0.87 0.43 0.93 0.05 0.85 0.66 0.51 0.16 0.00 0.00 0.00 0.75 0.85 0.82 0.85 0.61 0.92 0.79 0.95 0.61 0.54 0.14 0.69 
0.47 0.23 0.93 0.09 0.35 0.16 0.61 0.54 0.92 0.90 0.32 0.49 0.92 0.68 0.04 0.49 0.17 0.04 0.06 0.00 0.00 0.00 0.23 0.07 0.54 0.55 0.58 0.44 0.05 0.93 0.59 0.41 0.62 
0.58 0.41 0.54 0.91 0.90 0.99 0.54 0.85 0.64 0.27 0.19 0.37 1.00 0.39 0.43 0.02 0.06 0.09 0.40 0.44 0.00 0.00 0.00 0.04 0.04 0.89 0.32 0.24 0.58 0.49 0.50 0.77 0.34 
0.70 0.70 0.80 0.43 0.05 0.28 0.60 0.08 0.11 0.56 0.88 0.51 0.70 0.04 0.57 0.49 0.23 0.38 0.32 0.79 0.82 0.00 0.00 0.00 0.13 0.32 0.79 0.41 0.77 0.29 0.58 0.71 0.08 
0.38 0.98 0.84 0.59 1.00 0.29 0.21 0.98 0.94 0.76 0.01 0.65 0.10 0.51 0.84 0.26 0.44 0.09 0.90 0.11 0.68 0.42 0.00 0.00 0.00 0.85 0.62 0.09 0.31 0.83 0.43 0.82 0.23 
0.74 0.72 0.97 0.30 0.77 0.56 0.48 0.62 0.33 0.05 0.66 0.06 0.84 0.28 0.19 0.02 0.15 0.23 0.42 0.55 0.76 0.70 0.65 0.00 0.00 0.00 0.56 0.76 0.37 0.79 0.94 1.00 0.82 
0.77 0.92 0.97 0.68 0.76 0.03 0.19 0.59 0.31 0.46 0.15 0.07 0.14 0.84 0.12 0.86 0.70 0.12 0.10 0.22 0.51 0.74 0.08 0.26 0.00 0.00 0.00 0.41 0.82 0.62 0.42 0.40 0.55 
0.27 0.18 1.00 0.41 0.31 0.75 0.36 0.32 0.45 0.31 0.01 0.25 0.59 0.32 0.42 0.98 0.30 0.22 0.62 0.47 0.28 0.13 0.20 0.66 0.10 0.00 0.00 0.00 0.21 0.51 0.71 0.83 0.08 
0.97 0.04 0.72 1.00 0.50 0.10 0.15 0.28 0.61 0.22 0.78 0.20 0.07 0.32 0.42 0.13 0.18 0.97 0.72 0.32 0.03 0.39 0.73 1.00 0.70 0.32 0.00 0.00 0.00 0.77 0.60 0.14 0.53 
0.71 0.89 0.38 0.91 0.78 0.36 0.43 0.08 0.48 0.83 1.00 0.67 0.31 0.43 0.67 1.00 0.27 0.54 0.60 0.50 0.67 0.10 0.66 0.17 0.73 0.32 0.10 0.00 0.00 0.00 0.45 0.26 0.65 
0.88 0.77 0.11 0.17 0.81 0.68 0.86 0.51 0.38 0.96 0.50 0.57 0.21 0.18 1.00 0.93 0.52 0.51 0.22 0.85 0.18 0.53 0.79 0.90 0.99 0.80 0.50 0.90 0.00 0.00 0.00 0.34 0.38 
0.02 0.00 0.00 0.00 0.00 0.00 0.00 0.00 0.00 0.00 0.00 0.00 0.00 0.00 0.00 0.00 0.00 0.00 0.00 0.00 0.00 0.00 0.00 0.00 0.00 0.00 0.00 0.00 0.00 0.00 0.00 0.00 0.00 
0.00 0.81 0.18 0.05 0.63 0.08 0.37 0.51 0.20 0.15 0.58 0.43 0.07 0.16 0.41 0.51 1.00 0.69 0.25 0.13 0.62 0.55 0.42 0.16 0.17 0.98 0.56 0.36 0.67 0.66 0.41 0.43 0.57 0.67 
0.96 0.65 0.16 0.40 0.96 0.58 0.98 0.30 0.91 0.02 0.91 0.23 0.08 0.04 0.34 0.26 0.56 0.34 0.99 0.04 0.93 0.53 0.86 0.84 0.69 0.46 0.42 0.42 0.41 0.96 0.05 0.33 0.45 
0.11 0.41 0.86 0.66 0.92 0.38 0.15 0.35 0.77 0.26 0.21 0.93 0.35 0.70 0.36 0.27 0.77 0.10 0.46 0.11 0.17 0.15 0.35 0.89 0.14 0.43 0.74 0.09 0.59 0.20 0.36 0.25 0.78 
0.88 0.33 0.42 0.69 0.61 0.64 0.44 0.65 0.88 0.07 0.58 0.31 0.86 0.53 0.99 0.29 0.14 0.86 0.91 0.75 0.26 0.86 0.88 0.67 0.83 0.69 0.71 0.59 0.99 0.21 0.95 0.90 0.96 
0.29 0.02 0.22 0.41 0.57 0.60 0.93 0.39 0.83 0.66 0.81 0.90 0.33 0.56 0.35 0.58 0.94 0.21 0.40 0.98 0.78 0.30 0.96 0.36 0.02 0.36 0.90 0.67 0.27 0.69 0.01 0.96 0.51 
0.70 0.22 0.03 0.33 0.20 0.55 0.77 0.98 0.86 0.18 0.41 0.17 0.79 0.34 0.08 0.56 0.50 0.58 0.09 0.03 0.47 0.09 0.55 0.20 0.26 0.54 0.58 0.83 0.81 0.19 0.81 0.07 0.35 
0.87 0.02 0.81 0.67 0.77 0.29 0.53 0.02 0.09 0.68 0.82 0.87 0.53 0.28 0.54 0.72 0.30 0.97 0.72 0.44 0.38 0.24 0.69 0.94 0.89 0.64 0.69 0.96 0.35 0.88 0.38 0.23 0.67 
0.12 0.11 0.77 0.83 0.17 0.25 0.69 0.04 0.42 0.17 0.74 0.10 0.30 0.58 0.62 0.08 0.09 0.62 0.01 0.28 0.33 0.79 0.20 0.45 0.45 0.72 0.74 0.72 0.40 0.55 0.50 0.12 0.66 
0.41 0.73 0.82 0.69 0.21 0.80 0.81 0.79 0.77 0.04 0.04 0.17 0.06 0.30 0.13 0.21 0.79 0.20 0.66 0.94 0.07 0.07 0.32 0.68 0.33 0.84 0.51 0.91 0.09 0.80 0.80 0.73 0.21 
0.38 0.08 0.86 0.19 0.12 0.75 0.31 0.90 0.89 0.27 0.21 0.21 0.33 0.47 0.64 0.15 0.67 0.64 0.34 0.20 0.24 0.63 0.95 0.98 0.91 0.43 0.77 0.95 0.59 0.48 0.66 0.33 0.42 
0.60 0.33 0.25 0.42 0.02 0.57 1.00 0.73 0.33 0.92 0.22 0.48 0.92 0.94 0.34 0.81 0.27 0.80 0.28 0.58 0.50 0.88 0.54 0.06 0.54 0.62 1.00 0.53 0.61 0.18 0.56 0.20 0.20 
0.94 0.08 0.79 0.40 0.29 0.75 0.65 0.08 1.00 0.81 0.57 0.65 0.30 0.75 0.83 0.89 0.52 0.90 0.94 0.95 0.22 0.37 1.00 0.47 0.86 0.25 0.78 0.25 0.81 0.26 0.30 0.53 0.60 
0.85 0.62 0.01 0.95 1.00 0.89 0.39 0.37 0.22 0.09 1.00 0.94 0.06 0.30 0.85 0.48 0.86 0.23 0.46 0.42 0.06 0.63 0.98 0.05 0.14 0.15 0.04 0.90 0.83 0.97 0.13 0.96 0.29 
0.30 0.85 0.24 0.49 0.77 0.03 0.89 0.95 0.67 0.91 0.38 0.03 0.76 0.29 0.22 0.73 0.87 1.00 0.84 0.93 0.70 1.00 0.86 0.04 0.16 0.42 0.26 0.65 0.54 0.67 0.30 0.82 0.85 
0.12 0.36 0.63 0.86 0.92 0.90 0.93 0.89 0.85 0.83 0.77 1.00 0.83 0.53 0.69 0.34 0.49 0.71 0.82 0.80 0.93 0.30 0.86 0.26 0.34 0.81 0.35 0.31 0.49 0.18 0.67 0.35 0.95 
0.51 0.30 0.43 0.70 0.31 0.46 0.04 0.92 0.67 0.14 0.91 0.49 0.23 0.76 0.60 0.52 0.68 0.61 0.49 0.83 0.67 0.10 0.25 0.86 0.42 0.56 0.23 0.27 0.56 0.55 0.89 0.20 0.49 
0.91 0.23 0.01 0.22 0.62 0.37 0.58 0.57 1.00 0.41 0.36 0.15 0.47 0.13 0.34 0.71 0.96 0.63 0.29 0.06 0.40 0.59 0.07 0.97 0.11 0.85 0.97 0.92 0.24 0.03 0.04 0.75 0.20 
0.21 0.19 0.04 0.75 0.27 0.68 0.89 0.59 0.99 0.44 0.51 0.76 0.50 0.31 0.09 0.51 0.07 0.49 0.08 0.87 0.43 0.93 0.05 0.85 0.66 0.51 0.16 0.75 0.85 0.82 0.85 0.61 0.92 
0.79 0.95 0.61 0.54 0.14 0.69 0.47 0.23 0.93 0.09 0.35 0.16 0.61 0.54 0.92 0.90 0.32 0.49 0.92 0.68 0.04 0.49 0.17 0.04 0.06 0.23 0.07 0.54 0.55 0.58 0.44 0.05 0.93 
0.59 0.41 0.62 0.58 0.41 0.54 0.91 0.90 0.99 0.54 0.85 0.64 0.27 0.19 0.37 1.00 0.39 0.43 0.02 0.06 0.09 0.40 0.44 0.04 0.04 0.89 0.32 0.24 0.58 0.49 0.50 0.77 0.34 
0.70 0.70 0.80 0.43 0.05 0.28 0.60 0.08 0.11 0.56 0.88 0.51 0.70 0.04 0.57 0.49 0.23 0.38 0.32 0.79 0.82 0.13 0.32 0.79 0.41 0.77 0.29 0.58 0.71 0.08 0.38 0.98 0.84 
0.59 1.00 0.29 0.21 0.98 0.94 0.76 0.01 0.65 0.10 0.51 0.84 0.26 0.44 0.09 0.90 0.11 0.68 0.42 0.85 0.62 0.09 0.31 0.83 0.43 0.82 0.23 0.74 0.72 0.97 0.30 0.77 0.56 
0.48 0.62 0.33 0.05 0.66 0.06 0.84 0.28 0.19 0.02 0.15 0.23 0.42 0.55 0.76 0.70 0.65 0.56 0.76 0.37 0.79 0.94 1.00 0.82 0.77 0.92 0.97 0.68 0.76 0.03 0.19 0.59 0.31 
0.46 0.15 0.07 0.14 0.84 0.12 0.86 0.70 0.12 0.10 0.22 0.51 0.74 0.08 0.26 0.41 0.82 0.62 0.42 0.40 0.55 0.27 0.18 1.00 0.41 0.31 0.75 0.36 0.32 0.45 0.31 0.01 0.25 
0.59 0.32 0.42 0.98 0.30 0.22 0.62 0.47 0.28 0.13 0.20 0.66 0.10 0.21 0.51 0.71 0.83 0.08 0.97 0.04 0.72 1.00 0.50 0.10 0.15 0.28 0.61 0.22 0.78 0.20 0.07 0.32 0.42 
0.13 0.18 0.97 0.72 0.32 0.03 0.39 0.73 1.00 0.70 0.32 0.77 0.60 0.14 0.53 0.71 0.89 0.38 0.91 0.78 0.36 0.43 0.08 0.48 0.83 1.00 0.67 0.31 0.43 0.67 1.00 0.27 0.54 
0.60 0.50 0.67 0.10 0.66 0.17 0.73 0.32 0.10 0.45 0.26 0.65 0.88 0.77 0.11 0.17 0.81 0.68 0.86 0.51 0.38 0.96 0.50 0.57 0.21 0.18 1.00 0.93 0.52 0.51 0.22 0.85 0.18 
0.53 0.79 0.90 0.99 0.80 0.50 0.90 0.34 0.38 0.02 0.62 0.31 0.60 0.36 0.73 0.80 0.04 0.58 0.21 0.80 0.02 0.85 0.19 0.50 0.03 0.64 0.72 0.78 0.86 0.10 0.80 0.46 0.72 
0.03 0.69 0.75 0.83 0.00 0.00 0.81 0.18 0.05 0.63 0.08 0.37 0.51 0.20 0.15 0.58 0.43 0.07 0.16 0.41 0.51 1.00 0.69 0.25 0.13 0.62 0.55 0.42 0.16 0.17 0.98 0.56 0.36 0.67 0.66 0.41 0.00 
0.00 0.00 0.00 0.43 0.57 0.67 0.96 0.65 0.16 0.40 0.96 0.58 0.98 0.30 0.91 0.02 0.91 0.23 0.08 0.04 0.34 0.26 0.56 0.34 0.99 0.04 0.93 0.53 0.86 0.84 0.69 0.46 0.42 
0.42 0.00 0.00 0.00 0.41 0.96 0.05 0.33 0.45 0.11 0.41 0.86 0.66 0.92 0.38 0.15 0.35 0.77 0.26 0.21 0.93 0.35 0.70 0.36 0.27 0.77 0.10 0.46 0.11 0.17 0.15 0.35 0.89 
0.14 0.43 0.00 0.00 0.00 0.74 0.09 0.59 0.20 0.36 0.25 0.78 0.88 0.33 0.42 0.69 0.61 0.64 0.44 0.65 0.88 0.07 0.58 0.31 0.86 0.53 0.99 0.29 0.14 0.86 0.91 0.75 0.26 
0.86 0.88 0.67 0.00 0.00 0.00 0.83 0.69 0.71 0.59 0.99 0.21 0.95 0.90 0.96 0.29 0.02 0.22 0.41 0.57 0.60 0.93 0.39 0.83 0.66 0.81 0.90 0.33 0.56 0.35 0.58 0.94 0.21 
0.40 0.98 0.78 0.30 0.00 0.00 0.00 0.96 0.36 0.02 0.36 0.90 0.67 0.27 0.69 0.01 0.96 0.51 0.70 0.22 0.03 0.33 0.20 0.55 0.77 0.98 0.86 0.18 0.41 0.17 0.79 0.34 0.08 
0.56 0.50 0.58 0.09 0.03 0.00 0.00 0.00 0.47 0.09 0.55 0.20 0.26 0.54 0.58 0.83 0.81 0.19 0.81 0.07 0.35 0.87 0.02 0.81 0.67 0.77 0.29 0.53 0.02 0.09 0.68 0.82 0.87 
0.53 0.28 0.54 0.72 0.30 0.97 0.00 0.00 0.00 0.72 0.44 0.38 0.24 0.69 0.94 0.89 0.64 0.69 0.96 0.35 0.88 0.38 0.23 0.67 0.12 0.11 0.77 0.83 0.17 0.25 0.69 0.04 0.42 
0.17 0.74 0.10 0.30 0.58 0.62 0.08 0.00 0.00 0.00 0.09 0.62 0.01 0.28 0.33 0.79 0.20 0.45 0.45 0.72 0.74 0.72 0.40 0.55 0.50 0.12 0.66 0.41 0.73 0.82 0.69 0.21 0.80 
0.81 0.79 0.77 0.04 0.04 0.17 0.06 0.30 0.00 0.00 0.00 0.13 0.21 0.79 0.20 0.66 0.94 0.07 0.07 0.32 0.68 0.33 0.84 0.51 0.91 0.09 0.80 0.80 0.73 0.21 0.38 0.08 0.86 
0.19 0.12 0.75 0.31 0.90 0.89 0.27 0.21 0.21 0.00 0.00 0.00 0.33 0.47 0.64 0.15 0.67 0.64 0.34 0.20 0.24 0.63 0.95 0.98 0.91 0.43 0.77 0.95 0.59 0.48 0.66 0.33 0.42 
0.60 0.33 0.25 0.42 0.02 0.57 1.00 0.73 0.33 0.92 0.00 0.00 0.00 0.22 0.48 0.92 0.94 0.34 0.81 0.27 0.80 0.28 0.58 0.50 0.88 0.54 0.06 0.54 0.62 1.00 0.53 0.61 0.18 
0.56 0.20 0.20 0.94 0.08 0.79 0.40 0.29 0.75 0.65 0.08 0.00 0.00 0.00 1.00 0.81 0.57 0.65 0.30 0.75 0.83 0.89 0.52 0.90 0.94 0.95 0.22 0.37 1.00 0.47 0.86 0.25 0.78 
0.25 0.81 0.26 0.30 0.53 0.60 0.85 0.62 0.01 0.95 1.00 0.89 0.00 0.00 0.00 0.39 0.37 0.22 0.09 1.00 0.94 0.06 0.30 0.85 0.48 0.86 0.23 0.46 0.42 0.06 0.63 0.98 0.05 
0.14 0.15 0.04 0.90 0.83 0.97 0.13 0.96 0.29 0.30 0.85 0.24 0.49 0.00 0.00 0.00 0.77 0.03 0.89 0.95 0.67 0.91 0.38 0.03 0.76 0.29 0.22 0.73 0.87 1.00 0.84 0.93 0.70 
1.00 0.86 0.04 0.16 0.42 0.26 0.65 0.54 0.67 0.30 0.82 0.85 0.12 0.36 0.00 0.00 0.00 0.63 0.86 0.92 0.90 0.93 0.89 0.85 0.83 0.77 1.00 0.83 0.53 0.69 0.34 0.49 0.71 
0.82 0.80 0.93 0.30 0.86 0.26 0.34 0.81 0.35 0.31 0.49 0.18 0.67 0.35 0.95 0.00 0.00 0.00 0.51 0.30 0.43 0.70 0.31 0.46 0.04 0.92 0.67 0.14 0.91 0.49 0.23 0.76 0.60 
0.52 0.68 0.61 0.49 0.83 0.67 0.10 0.25 0.86 0.42 0.56 0.23 0.27 0.56 0.55 0.89 0.00 0.00 0.00 0.20 0.49 0.91 0.23 0.01 0.22 0.62 0.37 0.58 0.57 1.00 0.41 0.36 0.15 
0.47 0.13 0.34 0.71 0.96 0.63 0.29 0.06 0.40 0.59 0.07 0.97 0.11 0.85 0.97 0.92 0.24 0.00 0.00 0.00 0.03 0.04 0.75 0.20 0.21 0.19 0.04 0.75 0.27 0.68 0.89 0.59 0.99 
0.44 0.51 0.76 0.50 0.31 0.09 0.51 0.07 0.49 0.08 0.87 0.43 0.93 0.05 0.85 0.66 0.51 0.16 0.00 0.00 0.00 0.75 0.85 0.82 0.85 0.61 0.92 0.79 0.95 0.61 0.54 0.14 0.69 
0.47 0.23 0.93 0.09 0.35 0.16 0.61 0.54 0.92 0.90 0.32 0.49 0.92 0.68 0.04 0.49 0.17 0.04 0.06 0.00 0.00 0.00 0.23 0.07 0.54 0.55 0.58 0.44 0.05 0.93 0.59 0.41 0.62 
0.58 0.41 0.54 0.91 0.90 0.99 0.54 0.85 0.64 0.27 0.19 0.37 1.00 0.39 0.43 0.02 0.06 0.09 0.40 0.44 0.00 0.00 0.00 0.04 0.04 0.89 0.32 0.24 0.58 0.49 0.50 0.77 0.34 
0.70 0.70 0.80 0.43 0.05 0.28 0.60 0.08 0.11 0.56 0.88 0.51 0.70 0.04 0.57 0.49 0.23 0.38 0.32 0.79 0.82 0.00 0.00 0.00 0.13 0.32 0.79 0.41 0.77 0.29 0.58 0.71 0.08 
0.38 0.98 0.84 0.59 1.00 0.29 0.21 0.98 0.94 0.76 0.01 0.65 0.10 0.51 0.84 0.26 0.44 0.09 0.90 0.11 0.68 0.42 0.00 0.00 0.00 0.85 0.62 0.09 0.31 0.83 0.43 0.82 0.23 
0.74 0.72 0.97 0.30 0.77 0.56 0.48 0.62 0.33 0.05 0.66 0.06 0.84 0.28 0.19 0.02 0.15 0.23 0.42 0.55 0.76 0.70 0.65 0.00 0.00 0.00 0.56 0.76 0.37 0.79 0.94 1.00 0.82 
0.77 0.92 0.97 0.68 0.76 0.03 0.19 0.59 0.31 0.46 0.15 0.07 0.14 0.84 0.12 0.86 0.70 0.12 0.10 0.22 0.51 0.74 0.08 0.26 0.00 0.00 0.00 0.41 0.82 0.62 0.42 0.40 0.55 
0.27 0.18 1.00 0.41 0.31 0.75 0.36 0.32 0.45 0.31 0.01 0.25 0.59 0.32 0.42 0.98 0.30 0.22 0.62 0.47 0.28 0.13 0.20 0.66 0.10 0.00 0.00 0.00 0.21 0.51 0.71 0.83 0.08 
0.97 0.04 0.72 1.00 0.50 0.10 0.15 0.28 0.61 0.22 0.78 0.20 0.07 0.32 0.42 0.13 0.18 0.97 0.72 0.32 0.03 0.39 0.73 1.00 0.70 0.32 0.00 0.00 0.00 0.77 0.60 0.14 0.53 
0.71 0.89 0.38 0.91 0.78 0.36 0.43 0.08 0.48 0.83 1.00 0.67 0.31 0.43 0.67 1.00 0.27 0.54 0.60 0.50 0.67 0.10 0.66 0.17 0.73 0.32 0.10 0.00 0.00 0.00 0.45 0.26 0.65 
0.88 0.77 0.11 0.17 0.81 0.68 0.86 0.51 0.38 0.96 0.50 0.57 0.21 0.18 1.00 0.93 0.52 0.51 0.22 0.85 0.18 0.53 0.79 0.90 0.99 0.80 0.50 0.90 0.00 0.00 0.00 0.34 0.38 
0.02 0.00 0.00 0.00 0.00 0.00 0.00 0.00 0.00 0.00 0.00 0.00 0.00 0.00 0.00 0.00 0.00 0.00 0.00 0.00 0.00 0.00 0.00 0.00 0.00 0.00 0.00 0.00 0.00 0.00 0.00 0.00 0.00 
0.00 