0.00 0.00 6.55 3.55 2.63 1.25 1.17 1.02 0.69 0.63 0.79 0.40 0.54 0.59 0.50 0.56 0.33 0.11 0.19 0.25 0.20 0.23 0.30 0.18 0.36 0.42 0.61 0.89 1.52 2.60 6.55 0.00 
0.00 0.00 0.00 5.65 2.71 1.19 0.79 0.58 0.40 0.36 0.33 0.23 0.21 0.12 0.20 0.25 0.33 0.38 0.33 0.40 0.39 0.38 0.40 0.42 0.67 0.73 0.78 1.04 1.39 1.89 3.92 5.87 
6.55 0.00 0.00 0.00 2.94 2.08 1.76 0.94 0.84 0.91 0.47 0.58 0.60 0.49 0.52 0.37 0.11 0.19 0.23 0.18 0.19 0.24 0.15 0.23 0.27 0.33 0.41 0.61 0.85 1.79 2.22 6.07 
4.78 2.28 0.00 0.00 0.00 1.51 0.78 0.61 0.44 0.24 0.28 0.09 0.18 0.21 0.30 0.35 0.28 0.32 0.31 0.29 0.29 0.29 0.47 0.49 0.47 0.62 0.73 0.96 1.48 1.63 3.62 6.55 
6.55 4.51 2.09 0.00 0.00 0.00 1.61 1.58 0.77 0.92 0.78 0.63 0.64 0.46 0.16 0.24 0.27 0.23 0.20 0.27 0.17 0.23 0.20 0.26 0.29 0.43 0.50 0.94 0.88 1.67 2.73 6.47 
6.20 2.08 1.27 0.86 0.00 0.00 0.00 0.38 0.35 0.15 0.23 0.24 0.29 0.32 0.24 0.26 0.25 0.22 0.20 0.22 0.35 0.35 0.33 0.39 0.42 0.55 0.71 0.75 1.33 1.75 2.93 5.67 
6.05 3.29 2.41 1.24 1.15 0.00 0.00 0.00 0.98 0.71 0.69 0.52 0.19 0.26 0.30 0.24 0.20 0.26 0.14 0.20 0.17 0.22 0.22 0.30 0.30 0.54 0.44 0.66 0.80 1.32 2.34 6.55 
6.55 3.25 1.24 0.95 0.54 0.36 0.00 0.00 0.00 0.37 0.38 0.37 0.26 0.28 0.24 0.24 0.18 0.21 0.34 0.32 0.27 0.36 0.33 0.46 0.50 0.57 0.94 1.12 1.61 2.32 4.54 6.55 
6.55 2.76 2.20 1.66 1.08 0.92 0.71 0.00 0.00 0.00 0.32 0.36 0.40 0.30 0.25 0.30 0.17 0.22 0.18 0.21 0.20 0.26 0.24 0.44 0.30 0.36 0.42 0.50 0.73 1.48 2.05 4.77 
4.55 2.54 1.31 0.73 0.63 0.52 0.40 0.29 0.00 0.00 0.00 0.29 0.25 0.21 0.16 0.16 0.27 0.25 0.21 0.27 0.24 0.34 0.33 0.36 0.60 0.68 0.83 1.12 1.63 1.97 3.25 6.55 
6.55 4.21 2.39 1.77 1.32 0.62 0.60 0.65 0.49 0.00 0.00 0.00 0.39 0.43 0.26 0.34 0.27 0.29 0.27 0.32 0.30 0.49 0.31 0.40 0.43 0.43 0.53 1.08 0.90 1.58 3.55 6.11 
4.96 2.26 1.32 0.89 0.57 0.39 0.33 0.26 0.22 0.18 0.00 0.00 0.00 0.15 0.25 0.22 0.16 0.21 0.17 0.27 0.24 0.31 0.42 0.45 0.43 0.64 0.72 0.91 1.15 2.18 2.77 5.67 
6.55 3.71 2.36 1.10 0.91 0.92 0.67 0.50 0.52 0.34 0.42 0.00 0.00 0.00 0.33 0.35 0.30 0.35 0.31 0.51 0.32 0.31 0.30 0.32 0.31 0.57 0.40 0.63 1.12 1.43 2.65 6.55 
6.55 2.96 1.24 0.85 0.62 0.44 0.32 0.22 0.19 0.28 0.24 0.16 0.00 0.00 0.00 0.24 0.16 0.31 0.24 0.33 0.44 0.44 0.41 0.56 0.58 0.71 0.69 1.37 1.36 2.15 4.08 5.84 
6.55 2.53 1.82 1.59 1.07 0.75 0.75 0.47 0.58 0.44 0.44 0.37 0.41 0.00 0.00 0.00 0.35 0.54 0.29 0.32 0.22 0.32 0.17 0.43 0.19 0.39 0.39 0.55 0.73 1.58 2.03 5.33 
4.49 2.33 1.54 0.89 0.59 0.39 0.25 0.37 0.29 0.17 0.28 0.19 0.37 0.28 0.00 0.00 0.00 0.29 0.57 0.49 0.43 0.52 0.52 0.59 0.57 0.84 0.81 1.11 1.71 1.87 3.54 6.55 
6.55 4.43 2.51 1.54 1.37 0.88 1.02 0.74 0.74 0.53 0.62 0.42 0.66 0.43 0.31 0.00 0.00 0.00 0.12 0.26 0.13 0.38 0.16 0.34 0.32 0.39 0.43 0.81 0.88 1.61 3.16 6.20 
5.71 2.42 1.20 0.81 0.44 0.55 0.35 0.27 0.21 0.21 0.22 0.17 0.21 0.37 0.40 0.32 0.00 0.00 0.00 0.36 0.34 0.40 0.35 0.53 0.47 0.61 0.81 0.79 1.24 1.82 2.73 5.86 
5.98 2.75 1.97 1.23 1.20 0.85 0.71 0.56 0.55 0.38 0.61 0.37 0.26 0.12 0.22 0.12 0.30 0.00 0.00 0.00 0.09 0.23 0.19 0.23 0.21 0.40 0.35 0.58 0.98 1.36 2.55 6.04 
5.76 2.97 1.38 1.34 0.70 0.51 0.39 0.31 0.24 0.24 0.23 0.40 0.48 0.35 0.40 0.32 0.42 0.32 0.00 0.00 0.00 0.48 0.41 0.54 0.65 0.67 0.89 1.11 1.42 2.25 4.32 6.54 
6.55 3.25 2.81 1.63 1.29 0.88 0.88 0.61 0.82 0.45 0.35 0.12 0.25 0.13 0.33 0.09 0.24 0.17 0.19 0.00 0.00 0.00 0.16 0.31 0.21 0.38 0.60 0.68 0.96 1.68 2.35 4.58 
4.85 3.23 1.35 0.86 0.52 0.38 0.26 0.23 0.26 0.35 0.40 0.26 0.30 0.23 0.30 0.22 0.32 0.28 0.35 0.38 0.00 0.00 0.00 0.37 0.49 0.54 0.68 0.94 1.55 1.77 2.73 6.55 
6.55 3.75 2.27 1.54 1.23 0.88 0.97 0.53 0.45 0.22 0.32 0.20 0.37 0.13 0.25 0.22 0.20 0.17 0.28 0.20 0.31 0.00 0.00 0.00 0.43 0.43 0.56 0.81 0.82 1.31 3.24 5.69 
4.74 1.97 1.03 0.70 0.41 0.31 0.22 0.33 0.36 0.22 0.25 0.15 0.24 0.13 0.22 0.18 0.24 0.24 0.26 0.30 0.28 0.39 0.00 0.00 0.00 0.53 0.80 0.86 1.18 2.29 3.41 5.94 
6.55 3.68 2.42 1.63 1.58 0.84 0.75 0.38 0.48 0.33 0.49 0.20 0.35 0.27 0.26 0.22 0.34 0.22 0.34 0.44 0.43 0.45 0.66 0.00 0.00 0.00 0.57 0.65 1.42 1.83 3.02 6.55 
5.51 2.73 1.38 1.01 0.40 0.61 0.49 0.31 0.33 0.22 0.27 0.17 0.26 0.22 0.26 0.22 0.24 0.27 0.25 0.33 0.46 0.69 0.63 0.77 0.00 0.00 0.00 1.40 1.55 2.03 3.76 5.69 
6.55 3.44 2.57 1.24 1.08 0.62 0.63 0.42 0.58 0.25 0.36 0.31 0.27 0.23 0.33 0.20 0.31 0.36 0.33 0.30 0.45 0.36 0.38 0.64 0.73 0.00 0.00 0.00 0.91 1.57 2.03 5.84 
5.59 2.81 1.18 1.07 0.72 0.46 0.39 0.28 0.31 0.18 0.21 0.17 0.21 0.17 0.21 0.23 0.20 0.27 0.34 0.51 0.45 0.49 0.83 0.84 0.98 1.44 0.00 0.00 0.00 1.77 3.76 6.54 
6.55 2.85 2.26 1.20 0.99 0.71 0.82 0.40 0.45 0.44 0.34 0.27 0.40 0.26 0.34 0.41 0.35 0.38 0.39 0.28 0.26 0.45 0.44 0.44 0.67 0.80 1.70 0.00 0.00 0.00 2.69 5.50 
4.59 2.74 1.43 0.88 0.61 0.45 0.38 0.29 0.29 0.22 0.24 0.19 0.23 0.22 0.20 0.27 0.36 0.41 0.34 0.35 0.54 0.54 0.57 0.80 0.90 1.66 2.15 3.39 0.00 0.00 0.00 6.55 
6.55 3.71 2.28 1.49 1.43 0.73 0.77 0.71 0.52 0.47 0.58 0.36 0.47 0.53 0.45 0.47 0.42 0.27 0.28 0.41 0.38 0.39 0.48 0.44 0.80 1.08 1.61 2.89 6.28 0.00 0.00 0.00 
0.00 4.89 2.04 1.16 0.75 0.51 0.35 0.28 0.23 0.23 0.14 0.23 0.19 0.16 0.24 0.25 0.45 0.35 0.33 0.44 0.45 0.45 0.52 0.52 0.90 0.99 1.25 1.73 2.87 5.37 0.00 0.00 