3.30 1.23 0.61 0.47 0.30 0.21 0.19 0.24 0.37 0.43 0.53 0.98 1.81  
3.30 1.12 0.76 0.42 0.30 0.19 0.21 0.27 0.35 0.38 0.64 1.15 1.89  
3.30 1.44 0.83 0.46 0.29 0.17 0.23 0.24 0.26 0.38 0.67 1.06 1.79  
3.30 1.41 0.64 0.32 0.21 0.20 0.17 0.17 0.31 0.38 0.70 0.83 1.70  
3.30 1.16 0.56 0.34 0.25 0.17 0.15 0.17 0.27 0.35 0.52 1.06 1.82  
3.30 1.25 0.53 0.45 0.29 0.18 0.22 0.25 0.36 0.42 0.73 1.22 1.88  
3.30 1.34 0.76 0.46 0.26 0.20 0.21 0.20 0.24 0.37 0.57 0.84 1.51  
3.30 1.42 0.81 0.39 0.29 0.25 0.22 0.19 0.40 0.38 0.51 0.78 1.93  
3.30 1.34 0.62 0.42 0.37 0.23 0.19 0.40 0.24 0.29 0.42 1.03 1.86  
3.30 0.92 0.56 0.41 0.29 0.16 0.21 0.16 0.19 0.23 0.57 0.83 1.74  
3.30 1.45 0.99 0.58 0.40 0.28 0.24 0.20 0.25 0.44 0.71 1.41 2.02  
3.30 1.51 0.82 0.47 0.35 0.23 0.19 0.16 0.27 0.36 0.63 0.93 1.32  
3.30 1.42 0.63 0.47 0.29 0.19 0.14 0.18 0.22 0.36 0.52 0.67 2.02  
3.30 1.29 0.74 0.41 0.28 0.17 0.21 0.20 0.31 0.40 0.50 1.29 1.98  
3.30 1.24 0.76 0.40 0.31 0.25 0.22 0.24 0.29 0.35 0.88 1.30 1.92  
3.30 1.29 0.67 0.38 0.33 0.21 0.22 0.22 0.26 0.53 0.75 0.98 1.98  