6.55 5.78 5.54 5.39 5.61 4.64 5.41 5.75 4.17 5.51 5.23 6.22 6.50 
6.55 5.70 5.82 5.53 4.80 5.55 5.73 4.78 5.56 4.77 5.98 6.11 5.86 
6.55 5.83 5.75 4.76 5.49 5.59 4.19 4.85 3.88 5.49 4.81 5.71 6.39 
6.55 5.97 5.09 5.82 5.93 5.08 5.77 4.82 6.23 4.96 5.33 6.44 6.52 
6.55 5.67 5.75 5.94 4.63 5.66 4.30 5.60 3.84 3.55 5.61 6.09 6.48 
6.55 5.95 5.93 4.65 5.75 4.45 5.75 4.16 3.78 5.75 5.85 5.96 6.28 
6.55 6.13 5.51 5.94 5.04 6.00 4.30 3.78 5.36 5.87 5.67 6.39 6.55 
6.55 5.68 5.72 4.37 5.59 4.11 3.51 5.04 4.97 5.19 6.00 5.80 6.18 
6.55 5.64 5.32 5.77 4.48 4.16 4.95 5.67 5.16 5.85 5.75 6.13 6.55 
6.55 5.79 6.10 5.08 4.37 5.77 5.41 5.60 6.03 5.74 6.04 6.11 5.83 
6.55 5.92 4.49 3.83 4.45 4.73 4.43 5.35 4.69 5.23 5.96 5.52 6.55 
6.55 5.73 4.94 5.84 5.49 5.08 5.79 5.72 5.63 5.91 5.15 6.06 6.30 
6.55 5.18 5.65 5.36 4.12 5.09 4.54 4.57 5.04 4.91 5.69 5.81 6.25 
6.55 5.97 5.49 5.72 5.94 5.65 5.76 5.79 5.30 6.03 6.03 6.24 6.21 
6.55 5.55 4.98 5.16 4.18 4.24 4.44 4.01 4.69 5.23 4.10 5.91 6.16 
6.55 5.70 5.30 3.98 4.01 4.07 3.62 4.53 4.87 3.96 5.76 5.75 6.55 