6.55 6.20 5.51 4.12 3.40 2.85 3.27 3.32 3.15 4.58 5.15 6.20 6.52 
6.55 6.09 5.61 4.42 3.41 3.41 3.10 2.69 3.93 3.99 6.52 6.04 6.13 
6.55 5.80 5.26 3.42 3.49 3.01 2.60 3.07 2.73 4.94 4.86 5.66 6.45 
6.55 5.91 5.28 4.62 3.52 2.65 3.16 2.69 5.16 4.23 5.07 6.24 6.06 
6.55 5.39 5.60 4.20 2.64 3.08 2.46 4.09 2.68 3.23 5.52 6.35 6.35 
6.55 6.00 5.09 3.22 3.23 2.37 3.52 2.55 2.74 4.49 5.70 6.05 6.53 
6.55 5.41 4.42 4.20 2.84 3.67 2.44 2.16 3.54 4.64 5.39 6.43 6.54 
6.55 5.49 4.89 2.93 3.50 2.35 2.54 2.96 3.10 3.70 5.85 6.01 6.31 
6.55 6.10 4.66 5.47 2.89 2.85 3.17 3.52 3.24 4.84 5.67 6.29 6.23 
6.55 5.80 5.86 3.77 3.13 3.95 3.56 3.32 4.39 4.46 5.69 6.52 5.46 
6.52 5.93 4.06 3.05 3.11 3.25 2.49 2.91 2.72 3.37 4.36 5.28 6.43 
6.55 5.88 4.71 4.91 3.74 3.03 3.53 3.05 3.29 4.51 4.51 6.28 5.65 
6.55 5.37 5.29 4.42 2.86 2.97 2.53 2.45 2.67 3.17 4.98 5.05 6.25 
6.55 6.31 5.86 5.00 4.89 3.66 3.44 3.64 3.88 5.30 4.79 5.95 6.55 
6.55 5.98 5.03 4.38 2.93 2.50 2.46 2.18 3.01 3.70 3.90 6.03 6.23 
6.55 5.85 5.10 3.13 2.62 2.77 1.94 2.80 2.91 3.05 5.31 5.94 6.55 