3.30 1.23 0.61 0.56 0.39 0.36 0.38 0.39 0.44 0.53 0.59 0.88 1.81  
3.30 1.06 0.78 0.51 0.44 0.33 0.40 0.40 0.46 0.42 0.63 1.05 1.85  
3.30 1.38 0.84 0.53 0.45 0.34 0.40 0.35 0.38 0.48 0.73 1.03 1.77  
3.30 1.25 0.66 0.40 0.41 0.34 0.39 0.26 0.35 0.45 0.58 0.82 1.80  
3.30 0.99 0.66 0.34 0.36 0.44 0.25 0.29 0.38 0.42 0.57 0.88 1.70  
3.30 1.30 0.74 0.55 0.50 0.31 0.35 0.41 0.46 0.51 0.75 1.17 1.89  
3.30 0.90 0.70 0.44 0.32 0.32 0.44 0.36 0.49 0.46 0.66 0.79 1.44  
3.30 1.25 0.72 0.54 0.43 0.39 0.35 0.33 0.44 0.47 0.55 0.75 1.87  
3.30 1.20 0.51 0.46 0.42 0.34 0.35 0.33 0.41 0.38 0.46 0.91 1.76  
3.21 1.03 0.53 0.45 0.37 0.27 0.32 0.29 0.28 0.31 0.55 0.76 1.77  
3.30 1.26 0.99 0.62 0.48 0.41 0.44 0.35 0.39 0.55 0.70 1.18 1.89  
3.30 1.46 0.81 0.49 0.41 0.36 0.32 0.28 0.40 0.46 0.62 0.81 1.16  
3.27 1.29 0.59 0.47 0.35 0.26 0.24 0.32 0.30 0.40 0.58 0.58 1.73  
3.30 1.08 0.65 0.47 0.36 0.27 0.35 0.34 0.39 0.45 0.50 1.08 1.87  
3.30 1.26 0.80 0.45 0.37 0.39 0.34 0.38 0.42 0.45 0.79 1.20 1.75  
3.30 1.26 0.66 0.43 0.45 0.36 0.36 0.34 0.31 0.56 0.68 0.84 1.78